timestamp,type,description,debit,credit,balance
2021-07-03 22:57:39.472916+00:00,subscription,SUBSCRIPTION,0.0,1000.0,1000.0
2021-06-26 00:24:00+00:00,symbol_transaction,BUY LONG 0.003143640958803237 BINANCE-BTCTUSD 31714.87 26/06/2021,99.79986449945513,0.0,900.2001355005449
2021-06-26 01:06:00+00:00,symbol_transaction,SELL LONG 0.003143640958803237 BINANCE-BTCTUSD 31921.88 26/06/2021,0.0,100.25,1000.45
2021-06-26 05:03:00+00:00,symbol_transaction,SELL LONG 3.4668582845091325e-06 BINANCE-BTCTUSD 32641.56 26/06/2021,0.0,0.11,1000.56
2021-06-26 05:04:00+00:00,symbol_transaction,SELL LONG 3.448472265868219e-06 BINANCE-BTCTUSD 32596.48 26/06/2021,0.0,0.11,1000.68
2021-06-26 05:08:00+00:00,symbol_transaction,BUY LONG 0.0033811648519256085 BINANCE-BTCTUSD 32593.38 26/06/2021,110.31379445231656,0.0,890.3622657170105
2021-06-26 05:20:00+00:00,symbol_transaction,SELL LONG 0.003143640958803237 BINANCE-BTCTUSD 32308.83 26/06/2021,0.0,101.47,991.83
2021-06-26 07:18:00+00:00,symbol_transaction,SELL LONG 0.0003204169744200848 BINANCE-BTCTUSD 31210.99 26/06/2021,0.0,9.99,1001.82
2021-06-26 07:19:00+00:00,symbol_transaction,BUY LONG 0.003520669804950805 BINANCE-BTCTUSD 31270.04 26/06/2021,110.20157711323148,0.0,891.6170130149418
2021-06-26 08:42:00+00:00,symbol_transaction,BUY LONG 0.003253558375773799 BINANCE-BTCTUSD 30219.18 26/06/2021,98.41818606421408,0.0,793.1988269507277
2021-06-26 09:04:00+00:00,symbol_transaction,SELL LONG 0.003143640958803237 BINANCE-BTCTUSD 30347.85 26/06/2021,0.0,95.31,888.51
2021-06-26 09:50:00+00:00,symbol_transaction,BUY LONG 0.003181945601587963 BINANCE-BTCTUSD 30899.86 26/06/2021,98.41999529030052,0.0,790.0861731877724
2021-06-26 11:03:00+00:00,symbol_transaction,BUY LONG 0.002828019388573542 BINANCE-BTCTUSD 31370.91 26/06/2021,88.80625925891282,0.0,701.2799139288595
2021-06-26 13:38:00+00:00,symbol_transaction,SELL LONG 0.003143640958803237 BINANCE-BTCTUSD 31336.06 26/06/2021,0.0,98.41,799.69
2021-06-26 13:43:00+00:00,symbol_transaction,BUY LONG 0.002881701340749387 BINANCE-BTCTUSD 31082.9 26/06/2021,89.66120623898351,0.0,710.0295200716882
2021-06-26 13:48:00+00:00,symbol_transaction,BUY LONG 0.002611572141394229 BINANCE-BTCTUSD 30851.77 26/06/2021,80.65219466774694,0.0,629.3773254039413
2021-06-26 14:20:00+00:00,symbol_transaction,BUY LONG 0.002352294823222367 BINANCE-BTCTUSD 30830.79 26/06/2021,72.59563082056877,0.0,556.7816945833725
2021-06-26 14:32:00+00:00,symbol_transaction,SELL LONG 0.003143640958803237 BINANCE-BTCTUSD 30954.97 26/06/2021,0.0,97.21,654.0
2021-06-26 15:11:00+00:00,symbol_transaction,SELL LONG 0.003143640958803237 BINANCE-BTCTUSD 31099.21 26/06/2021,0.0,97.67,751.66
2021-06-26 15:52:00+00:00,symbol_transaction,SELL LONG 0.003143640958803237 BINANCE-BTCTUSD 31308.52 26/06/2021,0.0,98.32,849.99
2021-06-26 16:18:00+00:00,symbol_transaction,BUY LONG 0.0030656906862969774 BINANCE-BTCTUSD 30777.62 26/06/2021,94.44901764336797,0.0,755.5379858767191
2021-06-26 18:08:00+00:00,symbol_transaction,BUY LONG 0.0027054923783285554 BINANCE-BTCTUSD 31561.84 26/06/2021,85.47570788359135,0.0,670.0622779931277
2021-06-27 00:14:00+00:00,symbol_transaction,SELL LONG 0.003143640958803237 BINANCE-BTCTUSD 32490.81 27/06/2021,0.0,102.04,772.1
2021-06-27 00:17:00+00:00,symbol_transaction,SELL LONG 0.003143640958803237 BINANCE-BTCTUSD 32557.27 27/06/2021,0.0,102.25,874.35
2021-06-27 01:21:00+00:00,symbol_transaction,SELL LONG 0.003143640958803237 BINANCE-BTCTUSD 32577.23 27/06/2021,0.0,102.31,976.65
2021-06-27 01:31:00+00:00,symbol_transaction,SELL LONG 0.0011919725699448256 BINANCE-BTCTUSD 32784.65 27/06/2021,0.0,39.04,1015.69
2021-06-27 01:33:00+00:00,symbol_transaction,SELL LONG 0.001189204713232855 BINANCE-BTCTUSD 32789.19 27/06/2021,0.0,38.95,1054.65
2021-06-28 08:21:00+00:00,symbol_transaction,BUY LONG 0.0033311340631774823 BINANCE-BTCTUSD 34911.36 28/06/2021,116.41071490833967,0.0,938.2369786370424
2021-06-28 08:29:00+00:00,symbol_transaction,SELL LONG 0.003143640958803237 BINANCE-BTCTUSD 34877.08 28/06/2021,0.0,109.53,1047.77
2021-06-28 09:49:00+00:00,symbol_transaction,BUY LONG 0.0033471747609813414 BINANCE-BTCTUSD 34461.48 28/06/2021,115.46394467814534,0.0,932.3044101531428
2021-06-28 12:34:00+00:00,symbol_transaction,SELL LONG 0.003143640958803237 BINANCE-BTCTUSD 34156.86 28/06/2021,0.0,107.27,1039.57
2021-06-28 13:45:00+00:00,symbol_transaction,SELL LONG 0.00047134299349903746 BINANCE-BTCTUSD 34292.0 28/06/2021,0.0,16.15,1055.72
2021-06-28 14:25:00+00:00,symbol_transaction,BUY LONG 0.003374641654104183 BINANCE-BTCTUSD 34445.83 28/06/2021,116.35857506091969,0.0,939.3624929473467
2021-06-28 16:48:00+00:00,symbol_transaction,SELL LONG 0.003143640958803237 BINANCE-BTCTUSD 34610.03 28/06/2021,0.0,108.69,1048.06
2021-06-28 16:52:00+00:00,symbol_transaction,SELL LONG 0.00023413835240136178 BINANCE-BTCTUSD 34666.64 28/06/2021,0.0,8.11,1056.16
2021-06-28 16:53:00+00:00,symbol_transaction,SELL LONG 0.0002340568515535108 BINANCE-BTCTUSD 34666.64 28/06/2021,0.0,8.11,1064.27
2021-06-28 17:08:00+00:00,symbol_transaction,SELL LONG 0.000234914082847303 BINANCE-BTCTUSD 34599.61 28/06/2021,0.0,8.12,1072.39
2021-06-28 17:15:00+00:00,symbol_transaction,SELL LONG 0.0002348880967761915 BINANCE-BTCTUSD 34564.42 28/06/2021,0.0,8.11,1080.5
2021-06-29 00:53:00+00:00,symbol_transaction,BUY LONG 0.003408882034367286 BINANCE-BTCTUSD 34905.0 29/06/2021,119.10601443699971,0.0,961.3941685000243
2021-06-29 01:32:00+00:00,symbol_transaction,SELL LONG 0.003143640958803237 BINANCE-BTCTUSD 34606.48 29/06/2021,0.0,108.68,1070.08
2021-06-29 02:03:00+00:00,symbol_transaction,BUY LONG 0.003399924334054666 BINANCE-BTCTUSD 34655.33 29/06/2021,117.94332527146638,0.0,952.1324008485949
2021-06-29 05:28:00+00:00,symbol_transaction,SELL LONG 0.003143640958803237 BINANCE-BTCTUSD 34653.15 29/06/2021,0.0,108.83,1060.96
2021-06-29 10:59:00+00:00,symbol_transaction,SELL LONG 0.0005534447972239231 BINANCE-BTCTUSD 35645.02 29/06/2021,0.0,19.71,1080.67
2021-06-29 11:02:00+00:00,symbol_transaction,BUY LONG 0.003347740376431775 BINANCE-BTCTUSD 35647.9 29/06/2021,119.45925407916728,0.0,961.2090947143652
2021-06-29 11:24:00+00:00,symbol_transaction,SELL LONG 0.003143640958803237 BINANCE-BTCTUSD 35519.7 29/06/2021,0.0,111.55,1072.76
2021-06-29 11:41:00+00:00,symbol_transaction,SELL LONG 0.0008048127948774747 BINANCE-BTCTUSD 35648.67 29/06/2021,0.0,28.66,1101.42
2021-06-29 12:19:00+00:00,symbol_transaction,SELL LONG 0.0008058559535563128 BINANCE-BTCTUSD 35609.78 29/06/2021,0.0,28.67,1130.09
2021-06-29 12:21:00+00:00,symbol_transaction,SELL LONG 0.0008052478716913962 BINANCE-BTCTUSD 35751.37 29/06/2021,0.0,28.76,1158.85
2021-06-29 12:34:00+00:00,symbol_transaction,SELL LONG 0.0007995970094339127 BINANCE-BTCTUSD 35859.6 29/06/2021,0.0,28.64,1187.49
2021-06-29 13:47:00+00:00,symbol_transaction,SELL LONG 0.0007908018469341461 BINANCE-BTCTUSD 36289.7 29/06/2021,0.0,28.67,1216.16
2021-06-29 13:56:00+00:00,symbol_transaction,SELL LONG 0.0007902817708903365 BINANCE-BTCTUSD 36396.84 29/06/2021,0.0,28.73,1244.9
2021-06-29 15:46:00+00:00,symbol_transaction,BUY LONG 0.003767523662506116 BINANCE-BTCTUSD 36058.3 29/06/2021,135.98634897822404,0.0,1108.9104812242908
2021-06-29 16:24:00+00:00,symbol_transaction,SELL LONG 0.003143640958803237 BINANCE-BTCTUSD 36304.13 29/06/2021,0.0,114.01,1222.92
2021-06-29 17:41:00+00:00,symbol_transaction,SELL LONG 0.0014225291806331459 BINANCE-BTCTUSD 36325.67 29/06/2021,0.0,51.62,1274.55
2021-06-29 17:46:00+00:00,symbol_transaction,SELL LONG 0.001416631490516925 BINANCE-BTCTUSD 36361.17 29/06/2021,0.0,51.46,1326.01
2021-06-29 18:40:00+00:00,symbol_transaction,SELL LONG 0.0014176360065161183 BINANCE-BTCTUSD 36267.86 29/06/2021,0.0,51.36,1377.37
2021-06-29 18:44:00+00:00,symbol_transaction,SELL LONG 0.0014097720768737243 BINANCE-BTCTUSD 36296.85 29/06/2021,0.0,51.12,1428.49
2021-06-30 01:03:00+00:00,symbol_transaction,SELL LONG 0.0014280280329280303 BINANCE-BTCTUSD 35854.4 30/06/2021,0.0,51.15,1479.64
2021-06-30 01:17:00+00:00,symbol_transaction,SELL LONG 0.0014305404948054617 BINANCE-BTCTUSD 35798.99 30/06/2021,0.0,51.16,1530.8
2021-06-30 01:34:00+00:00,symbol_transaction,SELL LONG 0.0014307492619163812 BINANCE-BTCTUSD 35834.98 30/06/2021,0.0,51.22,1582.02
2021-06-30 01:35:00+00:00,symbol_transaction,SELL LONG 0.0014303598801275659 BINANCE-BTCTUSD 35855.89 30/06/2021,0.0,51.24,1633.25
2021-06-30 01:44:00+00:00,symbol_transaction,SELL LONG 0.001429525631208344 BINANCE-BTCTUSD 35819.67 30/06/2021,0.0,51.15,1684.41
2021-06-30 03:36:00+00:00,symbol_transaction,SELL LONG 0.0014622244242962355 BINANCE-BTCTUSD 35298.32 30/06/2021,0.0,51.56,1735.97
2021-06-30 04:00:00+00:00,symbol_transaction,BUY LONG 0.0052690035591285815 BINANCE-BTCTUSD 35105.09 30/06/2021,185.15381299768268,0.0,1550.815638357442
2021-06-30 05:04:00+00:00,symbol_transaction,BUY LONG 0.0047664114234136105 BINANCE-BTCTUSD 34721.24 30/06/2021,165.66121068605668,0.0,1385.1544276713853
2021-06-30 05:29:00+00:00,symbol_transaction,BUY LONG 0.004288030681571066 BINANCE-BTCTUSD 34844.34 30/06/2021,149.56301259809305,0.0,1235.5914150732922
2021-06-30 06:54:00+00:00,symbol_transaction,SELL LONG 0.003143640958803237 BINANCE-BTCTUSD 34970.73 30/06/2021,0.0,109.83,1345.42
2021-06-30 08:11:00+00:00,symbol_transaction,SELL LONG 0.003143640958803237 BINANCE-BTCTUSD 35176.12 30/06/2021,0.0,110.47,1455.89
2021-06-30 08:18:00+00:00,symbol_transaction,SELL LONG 0.003143640958803237 BINANCE-BTCTUSD 35129.0 30/06/2021,0.0,110.32,1566.21
2021-06-30 08:19:00+00:00,symbol_transaction,BUY LONG 0.0047680490049217044 BINANCE-BTCTUSD 35099.59 30/06/2021,167.52392173783247,0.0,1398.6860178942525
2021-06-30 08:28:00+00:00,symbol_transaction,SELL LONG 0.003143640958803237 BINANCE-BTCTUSD 35188.83 30/06/2021,0.0,110.51,1509.2
2021-06-30 10:25:00+00:00,symbol_transaction,SELL LONG 0.003143640958803237 BINANCE-BTCTUSD 34787.65 30/06/2021,0.0,109.25,1618.45
2021-06-30 10:26:00+00:00,symbol_transaction,SELL LONG 0.003143640958803237 BINANCE-BTCTUSD 34787.65 30/06/2021,0.0,109.25,1727.7
2021-06-30 10:30:00+00:00,symbol_transaction,SELL LONG 0.001822173522262303 BINANCE-BTCTUSD 34830.04 30/06/2021,0.0,63.4,1791.1
2021-07-01 06:47:00+00:00,symbol_transaction,BUY LONG 0.005649397139037615 BINANCE-BTCTUSD 33678.44 01/07/2021,190.45314546583324,0.0,1600.6472519903941
2021-07-01 06:48:00+00:00,symbol_transaction,SELL LONG 0.003143640958803237 BINANCE-BTCTUSD 33692.69 01/07/2021,0.0,105.81,1706.46
2021-07-01 08:46:00+00:00,symbol_transaction,SELL LONG 0.0025214130640034632 BINANCE-BTCTUSD 33432.92 01/07/2021,0.0,84.21,1790.67
2021-07-02 02:10:00+00:00,symbol_transaction,BUY LONG 0.0056971605886501075 BINANCE-BTCTUSD 33228.59 02/07/2021,189.49792197777745,0.0,1601.1750356431075
2021-07-02 03:33:00+00:00,symbol_transaction,BUY LONG 0.005189156176666854 BINANCE-BTCTUSD 32903.03 02/07/2021,170.90970031691037,0.0,1430.2653353261971
2021-07-02 03:53:00+00:00,symbol_transaction,SELL LONG 0.003143640958803237 BINANCE-BTCTUSD 32935.15 02/07/2021,0.0,103.43,1533.7
2021-07-02 05:40:00+00:00,symbol_transaction,SELL LONG 0.003143640958803237 BINANCE-BTCTUSD 32901.78 02/07/2021,0.0,103.33,1637.03
2021-07-02 08:15:00+00:00,symbol_transaction,BUY LONG 0.005208878710166415 BINANCE-BTCTUSD 33468.48 02/07/2021,174.5075861865641,0.0,1462.5184512197447
2021-07-02 12:21:00+00:00,symbol_transaction,SELL LONG 0.003143640958803237 BINANCE-BTCTUSD 33016.56 02/07/2021,0.0,103.69,1566.21
2021-07-02 17:09:00+00:00,symbol_transaction,BUY LONG 0.004978272162215339 BINANCE-BTCTUSD 33545.62 02/07/2021,167.1662254364644,0.0,1399.04064390773
2021-07-02 17:25:00+00:00,symbol_transaction,SELL LONG 0.003143640958803237 BINANCE-BTCTUSD 33520.54 02/07/2021,0.0,105.27,1504.31
