timestamp,type,description,debit,credit,balance
2021-07-03 18:08:54.810101+00:00,subscription,SUBSCRIPTION,0.0,1000.0,1000.0
2021-06-26 01:18:00+00:00,symbol_transaction,BUY LONG 0.0548621308342989 BINANCE-ETHTUSD 1817.96 26/06/2021,99.83689653089357,0.0,900.1631034691064
2021-06-26 01:37:00+00:00,symbol_transaction,SELL LONG 0.0548621308342989 BINANCE-ETHTUSD 1807.08 26/06/2021,0.0,99.04,999.2
2021-06-26 01:56:00+00:00,symbol_transaction,SELL LONG 0.0007202443668730422 BINANCE-ETHTUSD 1813.53 26/06/2021,0.0,1.3,1000.51
2021-06-26 05:03:00+00:00,symbol_transaction,SELL LONG 0.0007104474772392552 BINANCE-ETHTUSD 1846.85 26/06/2021,0.0,1.31,1001.82
2021-06-26 05:04:00+00:00,symbol_transaction,SELL LONG 0.0007077394580689967 BINANCE-ETHTUSD 1848.01 26/06/2021,0.0,1.31,1003.13
2021-06-26 06:44:00+00:00,symbol_transaction,BUY LONG 0.06086507834107743 BINANCE-ETHTUSD 1809.4 26/06/2021,110.23940202309585,0.0,892.887078676282
2021-06-26 07:11:00+00:00,symbol_transaction,BUY LONG 0.05550849923793745 BINANCE-ETHTUSD 1774.67 26/06/2021,98.60777761093306,0.0,794.279301065349
2021-06-26 08:08:00+00:00,symbol_transaction,SELL LONG 0.0548621308342989 BINANCE-ETHTUSD 1734.32 26/06/2021,0.0,95.05,889.33
2021-06-26 08:16:00+00:00,symbol_transaction,SELL LONG 0.0548621308342989 BINANCE-ETHTUSD 1731.53 26/06/2021,0.0,94.9,984.23
2021-06-26 09:41:00+00:00,symbol_transaction,SELL LONG 0.012114517504694316 BINANCE-ETHTUSD 1775.33 26/06/2021,0.0,21.49,1005.72
2021-06-26 09:43:00+00:00,symbol_transaction,BUY LONG 0.06218337461521454 BINANCE-ETHTUSD 1763.73 26/06/2021,109.78435799340242,0.0,895.9344744030967
2021-06-26 10:40:00+00:00,symbol_transaction,SELL LONG 0.0548621308342989 BINANCE-ETHTUSD 1762.03 26/06/2021,0.0,96.57,992.51
2021-06-26 12:27:00+00:00,symbol_transaction,SELL LONG 0.019519580745155987 BINANCE-ETHTUSD 1809.68 26/06/2021,0.0,35.29,1027.8
2021-06-26 13:42:00+00:00,symbol_transaction,BUY LONG 0.06399040133718817 BINANCE-ETHTUSD 1755.93 26/06/2021,112.47502808542883,0.0,915.3203686792446
2021-06-26 14:19:00+00:00,symbol_transaction,SELL LONG 0.0548621308342989 BINANCE-ETHTUSD 1750.99 26/06/2021,0.0,95.97,1011.29
2021-06-26 14:46:00+00:00,symbol_transaction,BUY LONG 0.06235065253184679 BINANCE-ETHTUSD 1775.66 26/06/2021,110.82427323437376,0.0,900.4630748719503
2021-06-27 01:15:00+00:00,symbol_transaction,SELL LONG 0.0548621308342989 BINANCE-ETHTUSD 1845.09 27/06/2021,0.0,101.12,1001.59
2021-06-27 01:32:00+00:00,symbol_transaction,SELL LONG 0.03355784148442222 BINANCE-ETHTUSD 1859.25 27/06/2021,0.0,62.33,1063.92
2021-06-27 02:23:00+00:00,symbol_transaction,SELL LONG 0.033300615340917814 BINANCE-ETHTUSD 1878.07 27/06/2021,0.0,62.48,1126.4
2021-06-27 05:49:00+00:00,symbol_transaction,SELL LONG 0.03351725820646802 BINANCE-ETHTUSD 1867.22 27/06/2021,0.0,62.52,1188.92
2021-06-27 07:16:00+00:00,symbol_transaction,SELL LONG 0.033588706949540525 BINANCE-ETHTUSD 1863.79 27/06/2021,0.0,62.54,1251.46
2021-06-27 10:50:00+00:00,symbol_transaction,SELL LONG 0.03426027348308901 BINANCE-ETHTUSD 1825.97 27/06/2021,0.0,62.5,1313.95
2021-06-27 12:35:00+00:00,symbol_transaction,SELL LONG 0.03355784148442222 BINANCE-ETHTUSD 1862.1 27/06/2021,0.0,62.43,1376.38
2021-06-27 12:56:00+00:00,symbol_transaction,SELL LONG 0.03355784148442222 BINANCE-ETHTUSD 1859.97 27/06/2021,0.0,62.35,1438.73
2021-06-27 13:14:00+00:00,symbol_transaction,SELL LONG 0.03379863522507296 BINANCE-ETHTUSD 1857.76 27/06/2021,0.0,62.73,1501.46
2021-06-27 16:05:00+00:00,symbol_transaction,SELL LONG 0.033829392399362584 BINANCE-ETHTUSD 1850.55 27/06/2021,0.0,62.54,1564.0
2021-06-27 19:28:00+00:00,symbol_transaction,SELL LONG 0.034430711261094156 BINANCE-ETHTUSD 1813.23 27/06/2021,0.0,62.37,1626.37
2021-06-28 01:36:00+00:00,symbol_transaction,SELL LONG 0.03196527122779084 BINANCE-ETHTUSD 1964.21 28/06/2021,0.0,62.72,1689.09
2021-06-28 03:50:00+00:00,symbol_transaction,SELL LONG 0.031722877449037436 BINANCE-ETHTUSD 1970.83 28/06/2021,0.0,62.46,1751.55
2021-06-28 03:57:00+00:00,symbol_transaction,SELL LONG 0.03166737459014923 BINANCE-ETHTUSD 1969.53 28/06/2021,0.0,62.31,1813.86
2021-06-28 04:06:00+00:00,symbol_transaction,SELL LONG 0.031672382898886936 BINANCE-ETHTUSD 1972.47 28/06/2021,0.0,62.41,1876.27
2021-06-28 06:58:00+00:00,symbol_transaction,SELL LONG 0.03147040663444328 BINANCE-ETHTUSD 1985.3 28/06/2021,0.0,62.42,1938.68
2021-06-28 07:18:00+00:00,symbol_transaction,SELL LONG 0.03093041400588213 BINANCE-ETHTUSD 2024.35 28/06/2021,0.0,62.55,2001.23
2021-06-28 08:17:00+00:00,symbol_transaction,SELL LONG 0.030209911955545843 BINANCE-ETHTUSD 2083.26 28/06/2021,0.0,62.87,2064.11
2021-06-28 08:18:00+00:00,symbol_transaction,SELL LONG 0.03007424921414065 BINANCE-ETHTUSD 2076.21 28/06/2021,0.0,62.38,2126.48
2021-06-28 10:32:00+00:00,symbol_transaction,SELL LONG 0.031060248239032525 BINANCE-ETHTUSD 2006.26 28/06/2021,0.0,62.25,2188.74
2021-06-28 12:50:00+00:00,symbol_transaction,SELL LONG 0.031017262464410177 BINANCE-ETHTUSD 2015.47 28/06/2021,0.0,62.45,2251.19
2021-06-28 12:53:00+00:00,symbol_transaction,SELL LONG 0.030944906374123348 BINANCE-ETHTUSD 2016.38 28/06/2021,0.0,62.33,2313.52
2021-06-28 13:55:00+00:00,symbol_transaction,SELL LONG 0.031087622455678924 BINANCE-ETHTUSD 2007.06 28/06/2021,0.0,62.33,2375.86
2021-06-28 19:42:00+00:00,symbol_transaction,BUY LONG 0.11720293851657168 BINANCE-ETHTUSD 2130.87 28/06/2021,249.9939698224039,0.0,2125.8619214692917
2021-06-29 00:15:00+00:00,symbol_transaction,BUY LONG 0.10694498774793254 BINANCE-ETHTUSD 2089.57 29/06/2021,223.69250708649588,0.0,1902.1694143827958
2021-06-29 00:32:00+00:00,symbol_transaction,SELL LONG 0.0548621308342989 BINANCE-ETHTUSD 2121.13 29/06/2021,0.0,116.25,2018.42
2021-06-29 04:22:00+00:00,symbol_transaction,SELL LONG 0.0548621308342989 BINANCE-ETHTUSD 2115.91 29/06/2021,0.0,115.97,2134.39
2021-06-29 05:00:00+00:00,symbol_transaction,SELL LONG 0.0548621308342989 BINANCE-ETHTUSD 2122.76 29/06/2021,0.0,116.34,2250.73
2021-06-29 09:58:00+00:00,symbol_transaction,SELL LONG 0.0548621308342989 BINANCE-ETHTUSD 2160.52 29/06/2021,0.0,118.41,2369.14
2021-06-29 10:54:00+00:00,symbol_transaction,SELL LONG 0.004412389931478735 BINANCE-ETHTUSD 2176.09 29/06/2021,0.0,9.59,2378.74
2021-06-29 11:20:00+00:00,symbol_transaction,SELL LONG 0.004421262344341625 BINANCE-ETHTUSD 2181.51 29/06/2021,0.0,9.64,2388.37
2021-06-29 18:09:00+00:00,symbol_transaction,BUY LONG 0.11270354831258479 BINANCE-ETHTUSD 2223.69 29/06/2021,250.86837110055887,0.0,2137.5040497989144
2021-06-29 18:44:00+00:00,symbol_transaction,BUY LONG 0.1015205575356052 BINANCE-ETHTUSD 2223.42 29/06/2021,225.9485608738511,0.0,1911.5554889250632
2021-06-30 01:35:00+00:00,symbol_transaction,SELL LONG 0.0548621308342989 BINANCE-ETHTUSD 2158.18 30/06/2021,0.0,118.28,2029.84
2021-06-30 02:19:00+00:00,symbol_transaction,SELL LONG 0.0548621308342989 BINANCE-ETHTUSD 2159.71 30/06/2021,0.0,118.37,2148.21
2021-06-30 03:16:00+00:00,symbol_transaction,BUY LONG 0.10567033016629189 BINANCE-ETHTUSD 2147.12 30/06/2021,227.11376618595528,0.0,1921.0934802011107
2021-06-30 03:56:00+00:00,symbol_transaction,SELL LONG 0.0548621308342989 BINANCE-ETHTUSD 2127.23 30/06/2021,0.0,116.59,2037.68
2021-06-30 05:04:00+00:00,symbol_transaction,BUY LONG 0.10248598378922136 BINANCE-ETHTUSD 2097.84 30/06/2021,215.21419542861253,0.0,1822.466950976569
2021-06-30 05:08:00+00:00,symbol_transaction,SELL LONG 0.0548621308342989 BINANCE-ETHTUSD 2105.21 30/06/2021,0.0,115.38,1937.85
2021-06-30 08:56:00+00:00,symbol_transaction,SELL LONG 0.0548621308342989 BINANCE-ETHTUSD 2124.13 30/06/2021,0.0,116.42,2054.27
2021-06-30 11:16:00+00:00,symbol_transaction,SELL LONG 0.0548621308342989 BINANCE-ETHTUSD 2143.18 30/06/2021,0.0,117.46,2171.73
2021-06-30 11:18:00+00:00,symbol_transaction,SELL LONG 0.0548621308342989 BINANCE-ETHTUSD 2150.49 30/06/2021,0.0,117.86,2289.59
2021-06-30 15:15:00+00:00,symbol_transaction,SELL LONG 0.046918427300686134 BINANCE-ETHTUSD 2112.47 30/06/2021,0.0,99.01,2388.6
2021-06-30 17:37:00+00:00,symbol_transaction,SELL LONG 0.046147111914923516 BINANCE-ETHTUSD 2140.86 30/06/2021,0.0,98.7,2487.3
2021-06-30 17:41:00+00:00,symbol_transaction,SELL LONG 0.04613739063919431 BINANCE-ETHTUSD 2145.91 30/06/2021,0.0,98.91,2586.21
2021-06-30 18:38:00+00:00,symbol_transaction,SELL LONG 0.04581908339740646 BINANCE-ETHTUSD 2163.01 30/06/2021,0.0,99.01,2685.22
2021-07-01 02:14:00+00:00,symbol_transaction,BUY LONG 0.12523508360418215 BINANCE-ETHTUSD 2236.2 01/07/2021,280.3307446496278,0.0,2404.885183119638
2021-07-01 02:18:00+00:00,symbol_transaction,BUY LONG 0.11356726970673982 BINANCE-ETHTUSD 2226.48 01/07/2021,253.10810991131873,0.0,2151.777073208319
2021-07-01 03:34:00+00:00,symbol_transaction,SELL LONG 0.0548621308342989 BINANCE-ETHTUSD 2199.37 01/07/2021,0.0,120.54,2272.32
2021-07-01 06:49:00+00:00,symbol_transaction,BUY LONG 0.11013707901387444 BINANCE-ETHTUSD 2173.98 01/07/2021,239.67524284161735,0.0,2032.6432929350406
2021-07-01 09:53:00+00:00,symbol_transaction,SELL LONG 0.0548621308342989 BINANCE-ETHTUSD 2109.23 01/07/2021,0.0,115.6,2148.24
2021-07-01 11:22:00+00:00,symbol_transaction,SELL LONG 0.0548621308342989 BINANCE-ETHTUSD 2137.83 01/07/2021,0.0,117.17,2265.41
2021-07-01 14:39:00+00:00,symbol_transaction,BUY LONG 0.11397565800380895 BINANCE-ETHTUSD 2084.7 01/07/2021,237.84265929478101,0.0,2027.5703922599957
2021-07-01 15:05:00+00:00,symbol_transaction,SELL LONG 0.0548621308342989 BINANCE-ETHTUSD 2137.06 01/07/2021,0.0,117.13,2144.7
2021-07-01 15:06:00+00:00,symbol_transaction,SELL LONG 0.0548621308342989 BINANCE-ETHTUSD 2128.76 01/07/2021,0.0,116.67,2261.37
2021-07-01 17:20:00+00:00,symbol_transaction,SELL LONG 0.0548621308342989 BINANCE-ETHTUSD 2092.27 01/07/2021,0.0,114.67,2376.04
2021-07-01 18:05:00+00:00,symbol_transaction,SELL LONG 0.0548621308342989 BINANCE-ETHTUSD 2102.34 01/07/2021,0.0,115.22,2491.26
2021-07-01 18:25:00+00:00,symbol_transaction,SELL LONG 0.0548621308342989 BINANCE-ETHTUSD 2120.79 01/07/2021,0.0,116.23,2607.5
2021-07-01 19:44:00+00:00,symbol_transaction,SELL LONG 0.03957106615260677 BINANCE-ETHTUSD 2087.93 01/07/2021,0.0,82.54,2690.04
2021-07-02 03:27:00+00:00,symbol_transaction,BUY LONG 0.13538534946713612 BINANCE-ETHTUSD 2060.34 02/07/2021,279.2187907720404,0.0,2410.8183637742895
2021-07-02 03:33:00+00:00,symbol_transaction,BUY LONG 0.1226514988337066 BINANCE-ETHTUSD 2057.55 02/07/2021,252.6139530167183,0.0,2158.204410757571
2021-07-02 06:43:00+00:00,symbol_transaction,BUY LONG 0.11190653274277108 BINANCE-ETHTUSD 2021.37 02/07/2021,226.43071259834542,0.0,1931.7736981592257
2021-07-02 10:07:00+00:00,symbol_transaction,BUY LONG 0.10070877282898072 BINANCE-ETHTUSD 2025.82 02/07/2021,204.22186401857812,0.0,1727.5518341406475
2021-07-02 17:44:00+00:00,symbol_transaction,SELL LONG 0.0548621308342989 BINANCE-ETHTUSD 2114.2 02/07/2021,0.0,115.87,1843.43
