timestamp,type,description,debit,credit,balance
2021-07-03 18:20:34.119811+00:00,symbol_transaction,BUY LONG 4828.424354765582 KUCOIN-LRCUSDT 0 03/07/2021,0.0,0.0,0.0
2021-06-26 00:16:00+00:00,symbol_transaction,SELL LONG 481.8410259012199 KUCOIN-LRCUSDT 0.2079 26/06/2021,0.0,100.07,100.07
2021-06-26 00:28:00+00:00,symbol_transaction,SELL LONG 478.3273039276256 KUCOIN-LRCUSDT 0.2099 26/06/2021,0.0,100.3,200.38
2021-06-26 00:37:00+00:00,symbol_transaction,SELL LONG 473.8138448977793 KUCOIN-LRCUSDT 0.2119 26/06/2021,0.0,100.3,300.68
2021-06-26 02:32:00+00:00,symbol_transaction,BUY LONG 485.2021225491475 KUCOIN-LRCUSDT 0.2063 26/06/2021,100.19729507977102,0.0,200.47853222922754
2021-06-26 02:33:00+00:00,symbol_transaction,SELL LONG 484.26402412380503 KUCOIN-LRCUSDT 0.2052 26/06/2021,0.0,99.27,299.75
2021-06-26 02:36:00+00:00,symbol_transaction,BUY LONG 485.6294834493778 KUCOIN-LRCUSDT 0.2045 26/06/2021,99.41054059476315,0.0,200.33959840691895
2021-06-26 02:52:00+00:00,symbol_transaction,SELL LONG 478.23549017386546 KUCOIN-LRCUSDT 0.2092 26/06/2021,0.0,99.95,300.29
2021-06-26 06:22:00+00:00,symbol_transaction,BUY LONG 483.19748474498954 KUCOIN-LRCUSDT 0.2094 26/06/2021,101.28273485890641,0.0,199.00368122784084
2021-06-26 07:47:00+00:00,symbol_transaction,BUY LONG 464.3339950495847 KUCOIN-LRCUSDT 0.2016 26/06/2021,93.70334313539827,0.0,105.30033809244257
2021-06-26 08:07:00+00:00,symbol_transaction,SELL LONG 498.6706426488903 KUCOIN-LRCUSDT 0.199 26/06/2021,0.0,99.14,204.44
2021-06-26 08:44:00+00:00,symbol_transaction,BUY LONG 487.666554923895 KUCOIN-LRCUSDT 0.1991 26/06/2021,97.19150549643284,0.0,107.24505502525177
2021-06-26 08:53:00+00:00,symbol_transaction,BUY LONG 11.004087724995316 KUCOIN-LRCUSDT 0.1983 26/06/2021,2.1842927064624376,0.0,105.06076231878933
2021-06-26 09:55:00+00:00,symbol_transaction,SELL LONG 492.9573162654021 KUCOIN-LRCUSDT 0.2024 26/06/2021,0.0,99.67,204.74
2021-06-26 10:43:00+00:00,symbol_transaction,SELL LONG 493.92837050948305 KUCOIN-LRCUSDT 0.2003 26/06/2021,0.0,98.83,303.57
2021-06-26 11:51:00+00:00,symbol_transaction,SELL LONG 486.20828377823455 KUCOIN-LRCUSDT 0.2049 26/06/2021,0.0,99.52,403.09
2021-06-26 12:09:00+00:00,symbol_transaction,SELL LONG 486.3441636749724 KUCOIN-LRCUSDT 0.2059 26/06/2021,0.0,100.04,503.13
2021-06-26 12:27:00+00:00,symbol_transaction,BUY LONG 484.1531433050995 KUCOIN-LRCUSDT 0.206 26/06/2021,99.83528306837134,0.0,403.29776256834987
2021-06-26 12:56:00+00:00,symbol_transaction,SELL LONG 488.7504375511001 KUCOIN-LRCUSDT 0.2042 26/06/2021,0.0,99.7,503.0
2021-06-26 14:19:00+00:00,symbol_transaction,BUY LONG 490.0152339358576 KUCOIN-LRCUSDT 0.2009 26/06/2021,98.5425045582115,0.0,404.4582945187251
2021-06-26 18:12:00+00:00,symbol_transaction,BUY LONG 486.77568648831215 KUCOIN-LRCUSDT 0.2026 26/06/2021,98.71937483661458,0.0,305.7389196821105
2021-06-27 00:12:00+00:00,symbol_transaction,BUY LONG 481.62274656235644 KUCOIN-LRCUSDT 0.2097 27/06/2021,101.09728624408027,0.0,204.64163343803025
2021-06-27 00:55:00+00:00,symbol_transaction,BUY LONG 480.79065160663754 KUCOIN-LRCUSDT 0.2114 27/06/2021,101.74078289339282,0.0,102.90085054463744
2021-06-27 04:35:00+00:00,symbol_transaction,SELL LONG 466.95520256103964 KUCOIN-LRCUSDT 0.2153 27/06/2021,0.0,100.43,203.34
2021-06-27 09:51:00+00:00,symbol_transaction,BUY LONG 479.85896700585965 KUCOIN-LRCUSDT 0.2152 27/06/2021,103.36891534936066,0.0,99.9668548515572
2021-06-27 15:03:00+00:00,symbol_transaction,BUY LONG 11.92734543610868 KUCOIN-LRCUSDT 0.2258 27/06/2021,2.695887794072813,0.0,97.27096705748438
2021-06-27 15:31:00+00:00,symbol_transaction,SELL LONG 436.57484373582787 KUCOIN-LRCUSDT 0.2295 27/06/2021,0.0,100.09,197.36
2021-06-27 16:04:00+00:00,symbol_transaction,BUY LONG 436.57484373582787 KUCOIN-LRCUSDT 0.2294 27/06/2021,100.25041942215192,0.0,97.11428034606759
2021-06-27 17:25:00+00:00,symbol_transaction,SELL LONG 426.0883027511834 KUCOIN-LRCUSDT 0.2356 27/06/2021,0.0,100.29,197.4
2021-06-27 19:07:00+00:00,symbol_transaction,SELL LONG 421.6273615046887 KUCOIN-LRCUSDT 0.2384 27/06/2021,0.0,100.42,297.82
2021-06-27 19:31:00+00:00,symbol_transaction,BUY LONG 460.9233633830702 KUCOIN-LRCUSDT 0.2772 27/06/2021,127.89572428611685,0.0,169.92002080373646
2021-06-27 19:34:00+00:00,symbol_transaction,BUY LONG 386.7923008728019 KUCOIN-LRCUSDT 0.2807 27/06/2021,108.68117145385048,0.0,61.23884934988598
2021-06-27 19:41:00+00:00,symbol_transaction,SELL LONG 364.65042623724935 KUCOIN-LRCUSDT 0.2801 27/06/2021,0.0,102.04,163.28
2021-06-27 19:48:00+00:00,symbol_transaction,SELL LONG 387.65081738248756 KUCOIN-LRCUSDT 0.2653 27/06/2021,0.0,102.74,266.02
2021-06-27 19:49:00+00:00,symbol_transaction,BUY LONG 459.61080351763917 KUCOIN-LRCUSDT 0.2638 27/06/2021,121.36657529792114,0.0,144.64963794635167
2021-06-27 19:53:00+00:00,symbol_transaction,BUY LONG 292.6904401020977 KUCOIN-LRCUSDT 0.2623 27/06/2021,76.84947514121899,0.0,67.80016280513269
2021-06-28 01:25:00+00:00,symbol_transaction,SELL LONG 381.4467422738492 KUCOIN-LRCUSDT 0.2715 28/06/2021,0.0,103.46,171.26
2021-06-28 01:26:00+00:00,symbol_transaction,SELL LONG 381.4509951445319 KUCOIN-LRCUSDT 0.2715 28/06/2021,0.0,103.46,274.72
2021-06-28 01:27:00+00:00,symbol_transaction,SELL LONG 381.3747641871549 KUCOIN-LRCUSDT 0.2715 28/06/2021,0.0,103.44,378.16
2021-06-28 01:28:00+00:00,symbol_transaction,SELL LONG 381.58535152251955 KUCOIN-LRCUSDT 0.2715 28/06/2021,0.0,103.5,481.66
2021-06-28 01:30:00+00:00,symbol_transaction,SELL LONG 381.5868762331521 KUCOIN-LRCUSDT 0.271 28/06/2021,0.0,103.31,584.96
2021-06-28 01:33:00+00:00,symbol_transaction,SELL LONG 379.89526468426396 KUCOIN-LRCUSDT 0.2726 28/06/2021,0.0,103.46,688.42
2021-06-28 01:35:00+00:00,symbol_transaction,SELL LONG 380.35253628610394 KUCOIN-LRCUSDT 0.2713 28/06/2021,0.0,103.09,791.51
2021-06-28 02:21:00+00:00,symbol_transaction,SELL LONG 379.6127679878089 KUCOIN-LRCUSDT 0.2728 28/06/2021,0.0,103.45,894.96
2021-06-28 02:24:00+00:00,symbol_transaction,SELL LONG 379.9038253059031 KUCOIN-LRCUSDT 0.2716 28/06/2021,0.0,103.08,998.04
2021-06-28 02:41:00+00:00,symbol_transaction,BUY LONG 458.1043210061244 KUCOIN-LRCUSDT 0.2746 28/06/2021,125.92124199483004,0.0,872.117535916371
2021-06-28 02:47:00+00:00,symbol_transaction,SELL LONG 379.0428815025479 KUCOIN-LRCUSDT 0.2766 28/06/2021,0.0,104.74,976.86
2021-06-28 02:49:00+00:00,symbol_transaction,SELL LONG 378.84142650700045 KUCOIN-LRCUSDT 0.2762 28/06/2021,0.0,104.53,1081.39
2021-06-28 02:50:00+00:00,symbol_transaction,SELL LONG 66.54582355083328 KUCOIN-LRCUSDT 0.2761 28/06/2021,0.0,18.35,1099.74
2021-06-28 02:51:00+00:00,symbol_transaction,SELL LONG 66.49500489217051 KUCOIN-LRCUSDT 0.2756 28/06/2021,0.0,18.31,1118.05
2021-06-28 02:52:00+00:00,symbol_transaction,SELL LONG 0.15511865548018233 KUCOIN-LRCUSDT 0.2756 28/06/2021,0.0,0.04,1118.09
2021-06-28 02:53:00+00:00,symbol_transaction,SELL LONG 0.0001301520894514866 KUCOIN-LRCUSDT 0.275 28/06/2021,0.0,0.0,1118.09
2021-06-28 02:54:00+00:00,symbol_transaction,SELL LONG 4.861044717704501e-07 KUCOIN-LRCUSDT 0.275 28/06/2021,0.0,0.0,1118.09
2021-06-28 02:55:00+00:00,symbol_transaction,SELL LONG 4.860154905382021e-07 KUCOIN-LRCUSDT 0.2728 28/06/2021,0.0,0.0,1118.09
2021-06-28 02:56:00+00:00,symbol_transaction,BUY LONG 458.4271780991066 KUCOIN-LRCUSDT 0.2766 28/06/2021,126.9277584196751,0.0,991.1649311367252
2021-06-28 02:57:00+00:00,symbol_transaction,SELL LONG 378.9236452376037 KUCOIN-LRCUSDT 0.2731 28/06/2021,0.0,103.38,1094.55
2021-06-28 03:11:00+00:00,symbol_transaction,SELL LONG 79.62590943552252 KUCOIN-LRCUSDT 0.2706 28/06/2021,0.0,21.53,1116.07
2021-06-28 03:13:00+00:00,symbol_transaction,SELL LONG 79.5283902293109 KUCOIN-LRCUSDT 0.2706 28/06/2021,0.0,21.5,1137.57
2021-06-28 03:18:00+00:00,symbol_transaction,SELL LONG 0.017714966638530717 KUCOIN-LRCUSDT 0.2702 28/06/2021,0.0,0.0,1137.57
2021-06-28 03:19:00+00:00,symbol_transaction,SELL LONG 9.122566594959368e-05 KUCOIN-LRCUSDT 0.2702 28/06/2021,0.0,0.0,1137.57
2021-06-28 03:20:00+00:00,symbol_transaction,SELL LONG 9.122226187981681e-05 KUCOIN-LRCUSDT 0.2706 28/06/2021,0.0,0.0,1137.57
2021-06-28 03:21:00+00:00,symbol_transaction,SELL LONG 1.2953349842803797e-07 KUCOIN-LRCUSDT 0.2702 28/06/2021,0.0,0.0,1137.57
2021-06-28 03:22:00+00:00,symbol_transaction,SELL LONG 4.357810578098886e-11 KUCOIN-LRCUSDT 0.2702 28/06/2021,0.0,0.0,1137.57
2021-06-28 03:23:00+00:00,symbol_transaction,SELL LONG 4.356507794667466e-11 KUCOIN-LRCUSDT 0.2705 28/06/2021,0.0,0.0,1137.57
2021-06-28 03:24:00+00:00,symbol_transaction,SELL LONG 4.351466857724661e-11 KUCOIN-LRCUSDT 0.268 28/06/2021,0.0,0.0,1137.57
2021-06-28 03:29:00+00:00,symbol_transaction,SELL LONG 1.516474622530095e-13 KUCOIN-LRCUSDT 0.2676 28/06/2021,0.0,0.0,1137.57
2021-06-28 03:34:00+00:00,symbol_transaction,SELL LONG 3.3955992443552856e-17 KUCOIN-LRCUSDT 0.2701 28/06/2021,0.0,0.0,1137.57
2021-06-28 03:36:00+00:00,symbol_transaction,SELL LONG 3.389148782051783e-17 KUCOIN-LRCUSDT 0.2701 28/06/2021,0.0,0.0,1137.57
2021-06-28 03:39:00+00:00,symbol_transaction,SELL LONG 1.069975937506471e-19 KUCOIN-LRCUSDT 0.2677 28/06/2021,0.0,0.0,1137.57
2021-06-28 03:40:00+00:00,symbol_transaction,SELL LONG 1.0685301868871624e-19 KUCOIN-LRCUSDT 0.2677 28/06/2021,0.0,0.0,1137.57
2021-06-28 04:29:00+00:00,symbol_transaction,SELL LONG 1.0379862824674469e-19 KUCOIN-LRCUSDT 0.2747 28/06/2021,0.0,0.0,1137.57
2021-06-28 04:31:00+00:00,symbol_transaction,SELL LONG 2.0258514982378024e-22 KUCOIN-LRCUSDT 0.2759 28/06/2021,0.0,0.0,1137.57
2021-06-28 04:32:00+00:00,symbol_transaction,BUY LONG 452.92361214494605 KUCOIN-LRCUSDT 0.2814 28/06/2021,127.5801571620454,0.0,1009.9942548943568
2021-06-28 04:40:00+00:00,symbol_transaction,BUY LONG 445.08270444666357 KUCOIN-LRCUSDT 0.2821 28/06/2021,125.68338875532821,0.0,884.3108661390286
2021-06-28 04:47:00+00:00,symbol_transaction,BUY LONG 438.1184298130372 KUCOIN-LRCUSDT 0.2857 28/06/2021,125.29560583298232,0.0,759.0152603060462
2021-06-28 04:55:00+00:00,symbol_transaction,SELL LONG 377.75901325104206 KUCOIN-LRCUSDT 0.288 28/06/2021,0.0,108.69,867.7
2021-06-28 05:02:00+00:00,symbol_transaction,SELL LONG 374.43130458542885 KUCOIN-LRCUSDT 0.2946 28/06/2021,0.0,110.2,977.9
2021-06-28 05:08:00+00:00,symbol_transaction,SELL LONG 374.8362495282667 KUCOIN-LRCUSDT 0.2904 28/06/2021,0.0,108.74,1086.64
2021-06-28 05:17:00+00:00,symbol_transaction,SELL LONG 170.71561333306425 KUCOIN-LRCUSDT 0.2898 28/06/2021,0.0,49.42,1136.07
2021-06-28 05:25:00+00:00,symbol_transaction,SELL LONG 170.98817999903633 KUCOIN-LRCUSDT 0.2887 28/06/2021,0.0,49.31,1185.38
2021-06-28 05:26:00+00:00,symbol_transaction,SELL LONG 0.6134799547129545 KUCOIN-LRCUSDT 0.288 28/06/2021,0.0,0.18,1185.56
2021-06-28 05:38:00+00:00,symbol_transaction,SELL LONG 0.6118388931700364 KUCOIN-LRCUSDT 0.2876 28/06/2021,0.0,0.18,1185.73
2021-06-28 05:40:00+00:00,symbol_transaction,SELL LONG 0.0010495031073769786 KUCOIN-LRCUSDT 0.2851 28/06/2021,0.0,0.0,1185.73
2021-06-28 07:14:00+00:00,symbol_transaction,BUY LONG 446.34261070558864 KUCOIN-LRCUSDT 0.2845 28/06/2021,127.1114572184857,0.0,1058.6217815897237
2021-06-28 07:16:00+00:00,symbol_transaction,BUY LONG 445.7975329418898 KUCOIN-LRCUSDT 0.2839 28/06/2021,126.6884815218047,0.0,931.9333000679189
2021-06-28 09:14:00+00:00,symbol_transaction,SELL LONG 375.56813888085395 KUCOIN-LRCUSDT 0.283 28/06/2021,0.0,106.18,1038.11
2021-06-28 09:28:00+00:00,symbol_transaction,SELL LONG 374.6004358162342 KUCOIN-LRCUSDT 0.2887 28/06/2021,0.0,108.04,1146.15
2021-06-28 09:58:00+00:00,symbol_transaction,BUY LONG 442.44919936761715 KUCOIN-LRCUSDT 0.2868 28/06/2021,127.02132480901123,0.0,1019.1304714532127
2021-06-28 10:24:00+00:00,symbol_transaction,SELL LONG 375.13481274990914 KUCOIN-LRCUSDT 0.2829 28/06/2021,0.0,106.02,1125.15
2021-06-28 10:29:00+00:00,symbol_transaction,SELL LONG 207.87987241135008 KUCOIN-LRCUSDT 0.2827 28/06/2021,0.0,58.71,1183.86
2021-06-28 11:39:00+00:00,symbol_transaction,SELL LONG 0.5448434709371529 KUCOIN-LRCUSDT 0.2835 28/06/2021,0.0,0.15,1184.01
2021-06-28 12:01:00+00:00,symbol_transaction,BUY LONG 451.5644702533685 KUCOIN-LRCUSDT 0.2792 28/06/2021,126.20287689483521,0.0,1057.8102883984443
2021-06-28 12:06:00+00:00,symbol_transaction,BUY LONG 452.60698359127787 KUCOIN-LRCUSDT 0.2832 28/06/2021,128.30647605080293,0.0,929.5038123476413
2021-06-28 12:07:00+00:00,symbol_transaction,SELL LONG 374.6511600284218 KUCOIN-LRCUSDT 0.2812 28/06/2021,0.0,105.25,1034.75
2021-06-28 12:29:00+00:00,symbol_transaction,BUY LONG 444.15881100066866 KUCOIN-LRCUSDT 0.2849 28/06/2021,126.66738609934458,0.0,908.082980542089
2021-06-28 13:27:00+00:00,symbol_transaction,SELL LONG 375.61232679424614 KUCOIN-LRCUSDT 0.2813 28/06/2021,0.0,105.55,1013.64
2021-06-28 14:42:00+00:00,symbol_transaction,SELL LONG 374.80483193058495 KUCOIN-LRCUSDT 0.286 28/06/2021,0.0,107.09,1120.72
2021-06-28 16:17:00+00:00,symbol_transaction,SELL LONG 220.81414319878863 KUCOIN-LRCUSDT 0.2847 28/06/2021,0.0,62.8,1183.53
2021-06-28 16:30:00+00:00,symbol_transaction,BUY LONG 448.0258743524942 KUCOIN-LRCUSDT 0.2824 28/06/2021,126.6490294240615,0.0,1056.8779474300632
2021-06-29 00:32:00+00:00,symbol_transaction,SELL LONG 374.61970891404377 KUCOIN-LRCUSDT 0.2841 29/06/2021,0.0,106.32,1163.2
2021-06-29 02:28:00+00:00,symbol_transaction,SELL LONG 70.99873571830427 KUCOIN-LRCUSDT 0.2819 29/06/2021,0.0,19.99,1183.2
2021-06-29 07:02:00+00:00,symbol_transaction,SELL LONG 0.1225625524113702 KUCOIN-LRCUSDT 0.2851 29/06/2021,0.0,0.03,1183.23
2021-06-29 07:08:00+00:00,symbol_transaction,SELL LONG 0.12131034417312025 KUCOIN-LRCUSDT 0.2867 29/06/2021,0.0,0.03,1183.27
2021-06-29 07:59:00+00:00,symbol_transaction,SELL LONG 3.3347630863323154e-05 KUCOIN-LRCUSDT 0.2902 29/06/2021,0.0,0.0,1183.27
2021-06-29 14:25:00+00:00,symbol_transaction,BUY LONG 438.27591825925333 KUCOIN-LRCUSDT 0.2902 29/06/2021,127.31485915031416,0.0,1055.95030938323
2021-06-30 01:48:00+00:00,symbol_transaction,BUY LONG 451.2332185827451 KUCOIN-LRCUSDT 0.2783 30/06/2021,125.70378293630954,0.0,930.2465264469205
2021-06-30 04:49:00+00:00,symbol_transaction,BUY LONG 464.4104787211976 KUCOIN-LRCUSDT 0.2677 30/06/2021,124.44700783881825,0.0,805.7995186081023
2021-06-30 05:23:00+00:00,symbol_transaction,SELL LONG 379.6784423991491 KUCOIN-LRCUSDT 0.2671 30/06/2021,0.0,101.31,907.11
2021-06-30 05:54:00+00:00,symbol_transaction,BUY LONG 461.7309203092894 KUCOIN-LRCUSDT 0.2708 30/06/2021,125.16176995297532,0.0,781.9484485079748
2021-06-30 09:24:00+00:00,symbol_transaction,SELL LONG 380.7376485161062 KUCOIN-LRCUSDT 0.2695 30/06/2021,0.0,102.51,884.45
2021-06-30 11:26:00+00:00,symbol_transaction,SELL LONG 380.8200644259989 KUCOIN-LRCUSDT 0.2688 30/06/2021,0.0,102.26,986.72
2021-06-30 13:32:00+00:00,symbol_transaction,SELL LONG 381.8440162990382 KUCOIN-LRCUSDT 0.2651 30/06/2021,0.0,101.13,1087.84
2021-06-30 15:08:00+00:00,symbol_transaction,SELL LONG 367.6904928304298 KUCOIN-LRCUSDT 0.263 30/06/2021,0.0,96.61,1184.45
2021-07-01 02:27:00+00:00,symbol_transaction,SELL LONG 0.16642599253029294 KUCOIN-LRCUSDT 0.2662 01/07/2021,0.0,0.04,1184.49
2021-07-01 03:01:00+00:00,symbol_transaction,SELL LONG 6.334005424551716e-06 KUCOIN-LRCUSDT 0.2641 01/07/2021,0.0,0.0,1184.49
2021-07-01 08:02:00+00:00,symbol_transaction,BUY LONG 490.46229944568194 KUCOIN-LRCUSDT 0.2533 01/07/2021,124.35833455004084,0.0,1060.1341491758333
2021-07-01 08:12:00+00:00,symbol_transaction,SELL LONG 382.07201385978004 KUCOIN-LRCUSDT 0.2545 01/07/2021,0.0,97.14,1157.27
